0 0xe445769fa819187e
1 0x43ceaa6559d7c89d
2 0x3cf454b254d777a9
3 0x76a950b11499bf2d
4 0x277c9389644ba9a4
5 0x9bc933c100c07469
6 0x59c65472a6333f3d
7 0x16af12f6ebcf643f
8 0x8f2caada7ca8d518
9 0x284c44f932da6c81
10 0x9ada785070e8f30a
11 0x21fc9af9b57b1622
12 0x2fa6022a3453ba15
13 0x7cb245530be2be11
14 0x86a064c568dc4cca
15 0xf7be724db6044b8f
16 0x7d000c9162fd432b
17 0x2c5c05a6c5cd27b9
18 0xb1041b272d49dd88
19 0x42de0a5d6d7522bb
20 0xd3d54ac4cf9673b6
21 0x0ef2d42808b1165f
22 0xdf3688778cd3b856
23 0x68c2ee119619bce3
24 0x68ee834aead5cd39
25 0x70e2060613d4f3a7
26 0xa27ea0c56706bebf
27 0x3e5ef6a7c8f09c14
28 0xaec5bc01fc454cc9
29 0x2a014033b55fc7dc
30 0x79eacd9782199d5c
31 0xa1108bb70e3a651b
32 0x2514bca8b9a10d9e
33 0x5f426117aebe13d9
34 0x321f386c2c7a408d
35 0x1cffb76e6858ed41
36 0x5e5a09310caefe03
37 0x0930e406409b9bfb
38 0x650f5b2f88d8a97c
39 0x02515531fce30454
40 0x0efb0b0d8e6f03e8
41 0x39091a6f69c426dc
42 0xb63c6cc4fa47060b
43 0xda34794f1871e8d3
44 0x97f76c14dfaf5a22
45 0x55f1a86fbd3dd064
46 0xae972f0b20155ecf
47 0xb16a99799f7d6e15
48 0x43e750ead2866128
49 0x707127dd119902e1
50 0x4db18f8567e0ec42
51 0x168e612894367ae1
52 0x69c4b331a9581b74
53 0x3003d9da212f4cfa
54 0xa994e9c94f27a660
55 0xa9505d663cdd601b
56 0xc51bb2201d1c1d19
57 0xdffe970ab9f062cb
58 0xa57a89696b47897d
59 0x6afd69efabbfd97d
60 0xb5bcb6114d2de083
61 0xac4b79f1ce2622db
62 0x28c0b3b434b61ea2
63 0xd697c6a492f14302
64 0x8f33466ed1e374b8
65 0x5d02b6b68ad7d354
66 0x15e74dbbb79e3490
67 0xe4cf6c46ab86b6af
68 0x357d4db486ec718d
69 0x48e95f3be584f115
70 0x347a5909fdd35a86
71 0xaca81886e2b37b0a
72 0xecaf8541d21ced15
73 0x9b6226ce793ec1e6
74 0xaa38b1329ce2e609
75 0x44f3e59507e2282a
76 0x94a77ec0931892a3
77 0xc35da529af5236ee
78 0xf5e887e8df4d33b2
79 0x1dc1a74a1bbd8da5
80 0x98dd66da17e0e703
81 0x65ecdae5525c1d5e
82 0x570ab1606e2964d1
83 0xb14fe53607a05220
84 0x4f4c2c0af3abd13f
85 0xba7471d017e1b51f
86 0x4f4cbb4b08ed0661
87 0xfb973812ba2e55c4
88 0x803eadcdac026352
89 0x04461b8f06579fa8
90 0x91c4a27db5491c9e
91 0xa2667d90c7b5d355
92 0x9fe8138056d376aa
93 0xea234defbdb7ba52
94 0x5d26f1e4096f3512
95 0x6892140e628d93d1
96 0x9dd20c266d70e3df
97 0xb3e30a793513d514
98 0xfbbc2031cd935553
99 0xff355f3c7397b27c
100 0xca3651da1accecee
101 0x35c528d0f48a9651
102 0x88a263afba1cee6a
103 0x3cd07c442d9e9eb0
104 0x816962f16d293fa7
105 0x7a689b05fb8b7411
106 0x2be01e2a4af87e15
107 0x1178e759fb230400
108 0x14fe02a387d710d1
109 0x008f4ccc00caabfc
110 0x1c05799e8dc042a5
111 0xad96ad7647b6d142
112 0x59224adf4e46b65b
113 0xa072e9a4fd931c7d
114 0x84aa43abac78688a
115 0x9b71b2c0c688ecdf
116 0x77497bf716a5ee90
117 0xbfb1464ec572134f
118 0xf99d82b7825d832b
119 0xf63c3a8d997eb56e
120 0xb5702b432085682c
121 0xf1da2af01f4fb3fa
122 0x7739dea40dd076d2
123 0x32587f1a65df791d
124 0x1ec1b81ed4624ef0
125 0xe5cf0aa85689ae25
126 0x7bc0116d645057a3
127 0x7bbee786e9e11175
128 0xf550f4b3dbcbccc3
129 0xec0a02367b61dc31
130 0x47e8cb9b6bbff37c
131 0x8f0fb1d82628e79c
132 0x9fcf9206c9b2ec63
133 0xc6d893f46e70225d
134 0xc781a4fbcb0e1193
135 0x6b7b5397fe8356e7
136 0x7782082dd30e0a91
137 0xd3880fb3ffd8d737
138 0x82f069f4faf7cbf0
139 0x8e5d7e3a6cd7b14c
140 0xd39b65b72ea7c5a1
141 0x0ac41218d90aa10d
142 0x2093ea80db08d08d
143 0xba84817c0c778311
144 0x7240f15f158bcdef
145 0x46f9810a8dbb1f74
146 0x085ae6a5036bbbbd
147 0x5a55e7d230c19717
148 0x95333beeb5186661
149 0x9bc386239ae6a735
150 0xd9ed03fe96407972
151 0xaa946592075e348e
152 0xd1783fba83ff9fdc
153 0x51fd6d96a93ed0ec
154 0x9ed6ac19d1affd94
155 0x894dfefccf15f8fa
156 0x942b7478491fb7e8
157 0x14fa28449fe6ac1d
158 0x6fb02109383f666f
159 0xd7ac7b4b7819098b
160 0x1500e76a5b670ff3
161 0x16b6c849b2ba4605
162 0x0bc7e7016741eadc
163 0x72b567ebd94e2d1a
164 0x6edc8e3b7d3ee26a
165 0x2a21a48b36d78b15
166 0x481065a2b544b75f
167 0xf33a3ed9fb5f5b12
168 0x3f769bbd7a286e11
169 0x5b64bc92d852eecc
170 0x2f1016fb62912237
171 0x37207bb9ffc7c052
172 0xe813477bf4582f90
173 0xa3759a8065755c56
174 0x0d77699b6d98de2b
175 0x49741be0a8544b17
176 0x00ad3e51059511fc
177 0xad503eebaeb07020
178 0x8774cf7575142bbf
179 0xda4289bcc8d9f340
180 0x3facc76b2317cb2d
181 0x62fb30b04d162c43
182 0x3270075e49d26f29
183 0x86ada395ea59f37a
184 0x5018c45d0eea1072
185 0x131252e5df0fd500
186 0x8cd0bc0fbbc99bf9
187 0xea879e1f79b7b28a
188 0xf06ac5d9d10f631a
189 0x92858805bbd42fb5
190 0x24b4d2efeb8c8dc1
191 0xda7430d5527a118e
192 0x253c44c14d7ccf5f
193 0x319bc1a43817a89f
194 0x3898058473ec8889
195 0x689847233fb16533
196 0xc42dbb7d277347d5
197 0xd90988fa8f49cfdc
198 0xfeb4a25ba5263741
199 0xf71516b2bb535d34
200 0x966ba93ad580262e
201 0x2c3c9e3a47ad1760
202 0x6631c170a5c331af
203 0x73b86d5a6ee86bdb
204 0x6f5d0da21267c16b
205 0xddb8d58aac6d5696
206 0xd7d6802c44d18a9e
207 0xed43c6bff5e644b6
208 0xc1e622ae8e3d9ae1
209 0xe1138233184be3b5
210 0x0f99fa3a354fb6c8
211 0xf2e4eed489887b0b
212 0xc3304564f5b305b0
213 0x08bf38e6abaea1b5
214 0xd3a2c708177a93e1
215 0xf46d63f3ab1cb6dc
216 0x28ffc1a31d41a418
217 0x9195a7c48224ac67
218 0x79baa6ad43084dcc
219 0xb36efd446b7152f1
220 0x559d224ec28ab327
221 0xce7f86f958806178
222 0xf9405678b7eeea22
223 0xb9344e32b803db5e
224 0x630ad409144e4538
225 0xf990387ed9d9819a
226 0xfd27d82d2d8b9abd
227 0x79137e83cdadc1e4
228 0x2961c27d1ac6418e
229 0x6c0778ed33dc166b
230 0x7771d17cacf27e28
231 0x61bf46617c860190
232 0xdc597805fc90e853
233 0x651c59de168aaf43
234 0x178b011b8d0c0950
235 0x0049bcb9e51bcb90
236 0x456311f9c8a35980
237 0xb35cabecb876fc22
238 0x453bf8f73a2d0ecf
239 0x353da117a6876f67
240 0x1d4df68a6932c75f
241 0xb3cb6188565257c1
242 0xff6c99c59026cc5b
243 0x6510b0e70f0a3def
244 0x4f2da6d050c0731d
245 0x4ee5265a0d517aec
246 0x73b08742d484c3ed
247 0x718c01fb3ca784c1
248 0x0d289603df46b838
249 0x43906800f108e448
250 0x97313ee7e2520655
251 0x6abff6610ce3f219
252 0x3ab30a56566523d1
253 0x7aae978ebfb52e78
254 0x2b41b457899d925d
255 0x6b0b45a855bf7fd1
256 0xd09c0c5630d6342c
257 0x10fe089f7fa11f75
258 0xfcdf9a84dcc47d76
259 0x7a375a94c29d9ee5
260 0xdeedfec5f2925756
261 0x7d6a463f6abc1bed
262 0x8d950c6250d28c82
263 0x8dd1212c304ad5d3
264 0xe675ea68342a3c05
265 0x1b5475d57204d72a
266 0x5c7bd9ae3dccfd89
267 0xeed82a7d31dc0e8d
268 0xae19f5eb47ccb981
269 0x1b6f7ab307cd373f
270 0x7b182f12c47c356d
271 0xc6d0336d92a016a9
272 0xc552cb55210e81c2
273 0x14936ca5ab39d738
274 0xc5911c47086f0233
275 0x46ad9c1f140c08e5
276 0xe88c8aeb94f9e42b
277 0xf2ff552bab124911
278 0xb9846ea641057503
279 0xb08f740f0bac9f97
280 0xbf532e3d6c2f8ea4
F 280 5.1863 0.9544 0.3807 3.8512 0.0005 3.4509 0.1826 0.3501 0.2105 1.2505 0.0767 1.3721 0.0006 0.0075 0.0000 0.2976 0.0000 0.0001 0.0000 0.0932 0.0000 0.0088 0.0000
N 280 contacts 7488 awake 7033 manifolds 1502 recycled 5349 sat 0 satHit 0 joints 4200
281 0x77b6ad894c234362
F 281 5.1345 0.9492 0.3765 3.8087 0.0005 3.3985 0.1821 0.3445 0.2183 1.2220 0.0781 1.3442 0.0007 0.0084 0.0000 0.3100 0.0000 0.0001 0.0000 0.0919 0.0000 0.0076 0.0000
N 281 contacts 7276 awake 6685 manifolds 1469 recycled 5137 sat 0 satHit 0 joints 4200
282 0x6b3d3452af2d0d6b
F 282 5.1167 0.9999 0.3683 3.7484 0.0005 3.3367 0.1813 0.3348 0.2112 1.1956 0.0763 1.3285 0.0007 0.0082 0.0000 0.3184 0.0000 0.0001 0.0000 0.0925 0.0000 0.0000 0.0000
N 282 contacts 7296 awake 6705 manifolds 1462 recycled 4932 sat 0 satHit 0 joints 4200
283 0xd4073257c9fdc86c
F 283 5.1336 0.9575 0.3913 3.7848 0.0025 3.3738 0.1819 0.3340 0.2097 1.2273 0.0771 1.3346 0.0007 0.0084 0.0019 0.3076 0.0000 0.0001 0.0000 0.0955 0.0000 0.0053 0.0000
N 283 contacts 7363 awake 6735 manifolds 1493 recycled 5001 sat 0 satHit 0 joints 4200
284 0xfa72e84deed0afe4
F 284 5.2058 0.9828 0.4064 3.8165 0.0005 3.4142 0.1734 0.3329 0.2139 1.2360 0.0805 1.3672 0.0010 0.0093 0.0000 0.3004 0.0000 0.0002 0.0000 0.1010 0.0000 0.0001 0.0000
N 284 contacts 7386 awake 6758 manifolds 1499 recycled 4956 sat 0 satHit 0 joints 4200
285 0x7d8e8340248ef95a
F 285 5.0283 0.8959 0.3861 3.7462 0.0011 3.3092 0.1760 0.3225 0.2115 1.1888 0.0710 1.3297 0.0008 0.0087 0.0000 0.2904 0.0000 0.0001 0.0000 0.0973 0.0000 0.0480 0.0000
N 285 contacts 7444 awake 6656 manifolds 1541 recycled 5057 sat 0 satHit 0 joints 4200
286 0xfd027ab79bb72798
F 286 5.0705 0.9832 0.3911 3.6962 0.0007 3.3085 0.1801 0.3320 0.2058 1.1902 0.0758 1.3158 0.0007 0.0079 0.0000 0.2878 0.0000 0.0001 0.0000 0.0989 0.0000 0.0000 0.0000
N 286 contacts 7420 awake 6632 manifolds 1494 recycled 4939 sat 0 satHit 0 joints 4200
287 0xd5dc7be41459c40e
F 287 5.0085 0.9636 0.3712 3.6735 0.0006 3.2782 0.1724 0.3297 0.2140 1.1799 0.0733 1.2995 0.0007 0.0084 0.0000 0.2957 0.0000 0.0001 0.0000 0.0910 0.0000 0.0079 0.0000
N 287 contacts 7421 awake 6557 manifolds 1485 recycled 4951 sat 0 satHit 0 joints 4200
288 0xa13964a556091d48
F 288 4.9994 0.9406 0.3628 3.6959 0.0006 3.3330 0.1695 0.3356 0.2065 1.1982 0.0818 1.3324 0.0007 0.0082 0.0000 0.2788 0.0000 0.0001 0.0000 0.0831 0.0000 0.0001 0.0000
N 288 contacts 7348 awake 6484 manifolds 1477 recycled 4958 sat 0 satHit 0 joints 4200
289 0x8670135cee59a32a
F 289 4.8843 0.9122 0.3332 3.6388 0.0005 3.2777 0.1727 0.3442 0.2091 1.1715 0.0720 1.2990 0.0007 0.0083 0.0000 0.2747 0.0000 0.0001 0.0000 0.0857 0.0000 0.0000 0.0000
N 289 contacts 7400 awake 6536 manifolds 1483 recycled 5046 sat 0 satHit 0 joints 4200
290 0x24f0657cefe21f16
F 290 4.9467 0.9267 0.3446 3.6753 0.0005 3.3093 0.1742 0.3354 0.2072 1.1972 0.0725 1.3136 0.0008 0.0084 0.0000 0.2632 0.0000 0.0001 0.0000 0.0916 0.0000 0.0104 0.0000
N 290 contacts 7188 awake 6090 manifolds 1471 recycled 4984 sat 0 satHit 0 joints 4200
291 0x29021336cbedaf25
F 291 4.7195 0.9018 0.3125 3.5052 0.0005 3.1567 0.1702 0.3160 0.1963 1.1395 0.0733 1.2527 0.0006 0.0078 0.0000 0.2590 0.0000 0.0001 0.0000 0.0887 0.0000 0.0000 0.0000
N 291 contacts 7202 awake 6104 manifolds 1381 recycled 4741 sat 0 satHit 0 joints 4200
292 0x44e2a746178995f4
F 292 4.6960 0.8832 0.3011 3.5116 0.0005 3.1654 0.1669 0.3160 0.1947 1.1396 0.0733 1.2663 0.0006 0.0078 0.0000 0.2622 0.0000 0.0001 0.0000 0.0815 0.0000 0.0019 0.0000
N 292 contacts 7216 awake 6082 manifolds 1382 recycled 4770 sat 0 satHit 0 joints 4200
293 0xebe642a14f2ae8a0
F 293 4.6576 0.8670 0.2955 3.4950 0.0010 3.1472 0.1674 0.3231 0.1918 1.1317 0.0732 1.2516 0.0006 0.0077 0.0005 0.2596 0.0000 0.0001 0.0000 0.0870 0.0000 0.0001 0.0000
N 293 contacts 7253 awake 6119 manifolds 1372 recycled 4893 sat 0 satHit 0 joints 4200
294 0xcfd02fdbef163b1d
F 294 4.7090 0.8623 0.2946 3.5521 0.0005 3.1851 0.1654 0.3232 0.1948 1.1414 0.0708 1.2811 0.0006 0.0077 0.0000 0.2796 0.0000 0.0001 0.0000 0.0866 0.0000 0.0000 0.0000
N 294 contacts 7261 awake 6127 manifolds 1375 recycled 4939 sat 0 satHit 0 joints 4200
295 0xf0de8488486e443f
F 295 4.6960 0.8351 0.2857 3.5752 0.0005 3.2309 0.1688 0.3237 0.2091 1.1514 0.0732 1.2963 0.0005 0.0077 0.0000 0.2530 0.0000 0.0001 0.0000 0.0828 0.0000 0.0078 0.0000
N 295 contacts 7243 awake 6031 manifolds 1379 recycled 4935 sat 0 satHit 0 joints 4200
296 0x112d6763c65a9625
F 296 4.7070 0.8631 0.2980 3.5460 0.0006 3.1539 0.1650 0.3203 0.1959 1.1265 0.0702 1.2677 0.0006 0.0076 0.0000 0.3020 0.0000 0.0001 0.0000 0.0892 0.0000 0.0000 0.0000
N 296 contacts 7218 awake 6006 manifolds 1361 recycled 4809 sat 0 satHit 0 joints 4200
297 0x458a522de2481448
F 297 4.8314 0.8964 0.3278 3.6071 0.0027 3.1626 0.1708 0.3098 0.1981 1.1379 0.0726 1.2621 0.0006 0.0104 0.0022 0.3467 0.0000 0.0001 0.0000 0.0882 0.0000 0.0068 0.0000
N 297 contacts 7277 awake 6003 manifolds 1378 recycled 4834 sat 0 satHit 0 joints 4200
298 0x996c1b16652e070d
F 298 4.9014 0.8874 0.3678 3.6462 0.0005 3.2345 0.1739 0.3188 0.1990 1.1570 0.0732 1.3032 0.0007 0.0087 0.0000 0.3216 0.0000 0.0001 0.0000 0.0892 0.0000 0.0001 0.0000
N 298 contacts 7371 awake 6097 manifolds 1487 recycled 4606 sat 0 satHit 0 joints 4200
299 0x2e3f51046fa854ed
F 299 4.9075 0.9193 0.4060 3.5822 0.0005 3.2026 0.1767 0.3179 0.1947 1.1456 0.0733 1.2849 0.0007 0.0087 0.0000 0.2923 0.0000 0.0001 0.0000 0.0865 0.0000 0.0001 0.0000
N 299 contacts 7648 awake 6374 manifolds 1496 recycled 4277 sat 0 satHit 0 joints 4200
300 0x4f73cd0b1e057992
F 300 4.9403 0.9340 0.3950 3.6113 0.0005 3.2297 0.1730 0.3185 0.2063 1.1470 0.0734 1.3023 0.0006 0.0085 0.0000 0.2926 0.0000 0.0001 0.0000 0.0881 0.0000 0.0000 0.0000
N 300 contacts 7802 awake 6528 manifolds 1457 recycled 4333 sat 0 satHit 0 joints 4200
301 0x1cc13e6ef75aff18
F 301 4.8686 0.9160 0.3870 3.5656 0.0005 3.1983 0.1737 0.3193 0.2021 1.1413 0.0698 1.2832 0.0006 0.0081 0.0000 0.2765 0.0000 0.0001 0.0000 0.0901 0.0000 0.0000 0.0000
N 301 contacts 7558 awake 6284 manifolds 1417 recycled 4385 sat 0 satHit 0 joints 4200
302 0x36b0e1ca8fcac498
F 302 4.7526 0.8722 0.3704 3.5099 0.0005 3.1463 0.1693 0.3148 0.1941 1.1286 0.0722 1.2582 0.0007 0.0082 0.0000 0.2742 0.0000 0.0001 0.0000 0.0797 0.0000 0.0092 0.0000
N 302 contacts 7541 awake 6174 manifolds 1440 recycled 4443 sat 0 satHit 0 joints 4200
303 0xef5e7a71cac64119
F 303 4.7085 0.8555 0.3597 3.4932 0.0005 3.1342 0.1694 0.3063 0.1976 1.1367 0.0709 1.2417 0.0007 0.0081 0.0000 0.2727 0.0000 0.0001 0.0000 0.0823 0.0000 0.0034 0.0000
N 303 contacts 7562 awake 6126 manifolds 1435 recycled 4411 sat 0 satHit 0 joints 4200
304 0xf71a4b023be8c840
F 304 4.6546 0.8675 0.3397 3.4474 0.0007 3.1151 0.1802 0.3086 0.1958 1.1106 0.0712 1.2397 0.0008 0.0080 0.0000 0.2506 0.0000 0.0001 0.0000 0.0809 0.0000 0.0000 0.0000
N 304 contacts 7586 awake 6150 manifolds 1436 recycled 4375 sat 0 satHit 0 joints 4200
305 0xeb96c48d09f8867e
F 305 4.5977 0.8131 0.3210 3.4635 0.0005 3.1219 0.1713 0.3215 0.2014 1.1114 0.0686 1.2315 0.0007 0.0155 0.0000 0.2389 0.0000 0.0001 0.0000 0.0935 0.0000 0.0086 0.0000
N 305 contacts 7531 awake 5983 manifolds 1446 recycled 4399 sat 0 satHit 0 joints 4200
306 0xbd5ec98b40beb353
F 306 4.3094 0.8541 0.3167 3.1385 0.0010 2.8347 0.1637 0.2805 0.1798 1.0143 0.0629 1.1242 0.0008 0.0075 0.0000 0.2163 0.0000 0.0001 0.0000 0.0838 0.0000 0.0023 0.0000
N 306 contacts 7562 awake 5974 manifolds 1421 recycled 4354 sat 0 satHit 0 joints 4200
307 0x1ae5d1daef9f85dd
F 307 4.4507 0.8363 0.2950 3.3195 0.0008 2.9918 0.1676 0.2843 0.1855 1.1016 0.0678 1.1760 0.0008 0.0079 0.0000 0.2429 0.0000 0.0002 0.0000 0.0838 0.0000 0.0000 0.0000
N 307 contacts 7601 awake 6013 manifolds 1403 recycled 4290 sat 0 satHit 0 joints 4200
308 0xb5522f24409b0558
F 308 4.4552 0.8135 0.3088 3.3328 0.0006 2.9982 0.1667 0.2933 0.1866 1.0800 0.0697 1.1931 0.0006 0.0080 0.0000 0.2506 0.0000 0.0002 0.0000 0.0785 0.0000 0.0047 0.0000
N 308 contacts 7620 awake 5940 manifolds 1421 recycled 4349 sat 0 satHit 0 joints 4200
309 0xbc412542237b8e68
F 309 4.5318 0.8885 0.2965 3.3468 0.0010 3.0130 0.1647 0.3008 0.1891 1.0857 0.0677 1.1960 0.0007 0.0079 0.0005 0.2582 0.0000 0.0001 0.0000 0.0743 0.0000 0.0000 0.0000
N 309 contacts 7692 awake 6012 manifolds 1405 recycled 4404 sat 0 satHit 0 joints 4200
310 0xec671364887930c5
F 310 4.4998 0.8238 0.3093 3.3666 0.0011 3.0082 0.1654 0.2993 0.1942 1.0845 0.0677 1.1881 0.0007 0.0081 0.0006 0.2774 0.0000 0.0001 0.0000 0.0797 0.0000 0.0000 0.0000
N 310 contacts 7621 awake 5941 manifolds 1421 recycled 4424 sat 0 satHit 0 joints 4200
311 0xec8df7fe5c38ff72
F 311 4.5819 0.8251 0.3432 3.4135 0.0008 3.0529 0.1644 0.2974 0.1969 1.0928 0.0699 1.2221 0.0007 0.0085 0.0003 0.2788 0.0000 0.0001 0.0000 0.0790 0.0000 0.0018 0.0000
N 311 contacts 7673 awake 5962 manifolds 1507 recycled 4445 sat 0 satHit 0 joints 4200
312 0xcb8d2bc9b60eeec2
F 312 4.6986 0.8213 0.3608 3.5165 0.0008 3.0899 0.1699 0.3119 0.1947 1.1004 0.0695 1.2340 0.0007 0.0087 0.0000 0.3467 0.0000 0.0001 0.0000 0.0787 0.0000 0.0000 0.0000
N 312 contacts 7797 awake 6086 manifolds 1564 recycled 4433 sat 0 satHit 0 joints 4200
313 0x39a521b2fdf02b11
F 313 4.9569 0.8957 0.4287 3.6324 0.0008 3.1173 0.1702 0.3010 0.2072 1.1083 0.0677 1.2536 0.0007 0.0085 0.0000 0.4277 0.0000 0.0001 0.0000 0.0806 0.0000 0.0059 0.0000
N 313 contacts 7890 awake 6083 manifolds 1644 recycled 4386 sat 0 satHit 0 joints 4200
314 0x9f1ef801f017bc38
F 314 4.8651 0.8114 0.4527 3.6009 0.0024 3.1605 0.1802 0.3016 0.2112 1.1178 0.0691 1.2707 0.0007 0.0090 0.0000 0.3497 0.0000 0.0001 0.0000 0.0836 0.0000 0.0045 0.0000
N 314 contacts 8001 awake 6099 manifolds 1756 recycled 4155 sat 0 satHit 0 joints 4200
315 0x75cb1b22f398a28c
F 315 5.2198 1.0814 0.4587 3.6796 0.0033 3.2883 0.1790 0.3258 0.2192 1.1492 0.0706 1.3310 0.0008 0.0121 0.0026 0.2931 0.0000 0.0001 0.0000 0.0946 0.0000 0.0000 0.0001
N 315 contacts 8249 awake 6347 manifolds 1686 recycled 3830 sat 0 satHit 0 joints 4200
316 0x47de866da5044115
F 316 4.9418 0.8682 0.4784 3.5951 0.0008 3.2200 0.1880 0.3013 0.2082 1.1505 0.0674 1.2923 0.0008 0.0113 0.0000 0.2707 0.0000 0.0001 0.0000 0.0976 0.0000 0.0057 0.0000
N 316 contacts 8313 awake 6369 manifolds 1599 recycled 3718 sat 0 satHit 0 joints 4200
317 0xd6e55e5de5f3fc5c
F 317 4.6903 0.8293 0.4492 3.4117 0.0007 3.0670 0.1795 0.2933 0.1931 1.1085 0.0684 1.2148 0.0008 0.0085 0.0000 0.2558 0.0000 0.0001 0.0000 0.0880 0.0000 0.0000 0.0000
N 317 contacts 8099 awake 6155 manifolds 1478 recycled 3901 sat 0 satHit 0 joints 4200
318 0x702066372a69ef44
F 318 4.5926 0.8092 0.3960 3.3873 0.0041 3.0619 0.1669 0.3096 0.1909 1.1070 0.0655 1.2128 0.0007 0.0083 0.0035 0.2397 0.0000 0.0001 0.0000 0.0812 0.0000 0.0000 0.0000
N 318 contacts 8018 awake 6074 manifolds 1456 recycled 3952 sat 0 satHit 0 joints 4200
319 0xd096c345d5524534
F 319 4.4167 0.7477 0.3716 3.2973 0.0025 2.9831 0.1660 0.2940 0.1920 1.0682 0.0673 1.1867 0.0007 0.0081 0.0020 0.2395 0.0000 0.0001 0.0000 0.0718 0.0000 0.0000 0.0000
N 319 contacts 8028 awake 6084 manifolds 1444 recycled 3955 sat 0 satHit 0 joints 4200
