0 0xc632f4e6fc4ec975
1 0x7d890fecf271010d
2 0x97d14b9ff5e7bc3d
3 0x7295cbba1121f0bd
4 0x1a4778db04110845
5 0xdf5349fd22aa6035
6 0x29a7860e0a43211d
7 0x395bbd70f228c9dd
8 0xa03538251aba90fd
9 0xdc78738ea42c884d
10 0x5f4f2c5b8808f095
11 0x663568a20f27c40d
12 0x96a49ee42aad6da5
13 0xe81b2a9881ef51bd
14 0x5df58837366c0105
15 0x0f4e91d5319f1bd5
16 0x0a3f4e13886718fd
17 0x18168887e0b708b5
18 0xc9358a463c32913d
19 0x43e6af16802c3955
20 0x68824f099fdd1c15
F 20 2.1530 0.0988 0.0000 2.0542 0.0002 1.8348 0.1154 0.2206 0.1876 0.6380 0.0506 0.6192 0.0017 0.0000 0.0000 0.0941 0.0000 0.0007 0.0000 0.1242 0.0000 0.0000 0.0000
N 20 contacts 0 awake 0 manifolds 0 recycled 0 sat 0 satHit 0 joints 19800
21 0x9d24302c9ae32985
F 21 2.4129 0.3775 0.0000 2.0352 0.0003 1.8843 0.1288 0.2453 0.1978 0.6388 0.0502 0.6202 0.0015 0.0000 0.0000 0.0934 0.0000 0.0008 0.0000 0.0564 0.0000 0.0000 0.0000
N 21 contacts 0 awake 0 manifolds 0 recycled 0 sat 0 satHit 0 joints 19800
22 0x4d6888c4c2717bb5
F 22 2.2003 0.1308 0.0000 2.0695 0.0003 1.8442 0.1297 0.2187 0.1877 0.6381 0.0503 0.6168 0.0011 0.0000 0.0000 0.1028 0.0000 0.0008 0.0000 0.1214 0.0000 0.0000 0.0000
N 22 contacts 0 awake 0 manifolds 0 recycled 0 sat 0 satHit 0 joints 19800
23 0x6dca1c482058834d
F 23 2.4329 0.3588 0.0000 2.0740 0.0001 1.9057 0.1245 0.2534 0.1972 0.6421 0.0510 0.6341 0.0021 0.0000 0.0000 0.0999 0.0000 0.0008 0.0000 0.0675 0.0000 0.0000 0.0000
N 23 contacts 0 awake 0 manifolds 0 recycled 0 sat 0 satHit 0 joints 19800
24 0x7e1b6089e77a34bd
F 24 2.1809 0.1541 0.0000 2.0267 0.0003 1.8407 0.1303 0.2185 0.1873 0.6329 0.0505 0.6146 0.0018 0.0000 0.0000 0.0960 0.0000 0.0008 0.0000 0.0889 0.0000 0.0000 0.0000
N 24 contacts 0 awake 0 manifolds 0 recycled 0 sat 0 satHit 0 joints 19800
25 0xf42d43d5b69cb6b5
F 25 2.2910 0.2790 0.0000 2.0120 0.0001 1.8793 0.1247 0.2420 0.2005 0.6377 0.0504 0.6220 0.0007 0.0000 0.0000 0.0909 0.0000 0.0008 0.0000 0.0407 0.0000 0.0000 0.0000
N 25 contacts 0 awake 0 manifolds 0 recycled 0 sat 0 satHit 0 joints 19800
26 0xa42abc7665d175e5
F 26 2.1958 0.0911 0.0000 2.1046 0.0002 1.8604 0.1136 0.2324 0.1919 0.6432 0.0503 0.6238 0.0010 0.0000 0.0000 0.1021 0.0000 0.0007 0.0000 0.1411 0.0000 0.0000 0.0000
N 26 contacts 0 awake 0 manifolds 0 recycled 0 sat 0 satHit 0 joints 19800
27 0xd0d922b0c11ae4a5
F 27 2.4345 0.4060 0.0000 2.0285 0.0002 1.8933 0.1245 0.2452 0.2088 0.6415 0.0508 0.6198 0.0012 0.0000 0.0000 0.0976 0.0000 0.0008 0.0000 0.0365 0.0000 0.0000 0.0000
N 27 contacts 0 awake 0 manifolds 0 recycled 0 sat 0 satHit 0 joints 19800
28 0x848fa6affd40ef2d
F 28 2.0946 0.0808 0.0000 2.0138 0.0002 1.8323 0.1114 0.2187 0.1872 0.6438 0.0503 0.6174 0.0013 0.0000 0.0000 0.0959 0.0000 0.0008 0.0000 0.0845 0.0000 0.0000 0.0000
N 28 contacts 0 awake 0 manifolds 0 recycled 0 sat 0 satHit 0 joints 19800
29 0x29b0bc78c1c7e925
F 29 2.2950 0.2830 0.0000 2.0120 0.0002 1.8656 0.1288 0.2422 0.1870 0.6348 0.0502 0.6190 0.0020 0.0000 0.0000 0.0916 0.0000 0.0008 0.0000 0.0536 0.0000 0.0000 0.0000
N 29 contacts 0 awake 0 manifolds 0 recycled 0 sat 0 satHit 0 joints 19800
30 0x1266f78134d24db5
F 30 2.2173 0.1372 0.0000 2.0800 0.0003 1.8629 0.1255 0.2183 0.1870 0.6570 0.0505 0.6221 0.0008 0.0000 0.0000 0.1006 0.0000 0.0008 0.0000 0.1154 0.0000 0.0000 0.0000
N 30 contacts 0 awake 0 manifolds 0 recycled 0 sat 0 satHit 0 joints 19800
31 0x41cca7cc5251f215
F 31 2.3622 0.3430 0.0000 2.0191 0.0002 1.8843 0.1258 0.2454 0.2007 0.6329 0.0502 0.6265 0.0012 0.0000 0.0000 0.0931 0.0000 0.0008 0.0000 0.0407 0.0000 0.0000 0.0000
N 31 contacts 0 awake 0 manifolds 0 recycled 0 sat 0 satHit 0 joints 19800
32 0x1f3e7c84f92e4a1d
F 32 2.1476 0.0971 0.0000 2.0505 0.0002 1.8404 0.1135 0.2183 0.1872 0.6368 0.0503 0.6317 0.0010 0.0000 0.0000 0.0982 0.0000 0.0008 0.0000 0.1109 0.0000 0.0000 0.0000
N 32 contacts 0 awake 0 manifolds 0 recycled 0 sat 0 satHit 0 joints 19800
33 0xe6fa2509e0dc4825
F 33 2.3607 0.3407 0.0000 2.0200 0.0002 1.8972 0.1259 0.2508 0.2074 0.6425 0.0505 0.6168 0.0021 0.0000 0.0000 0.0940 0.0000 0.0008 0.0000 0.0276 0.0000 0.0000 0.0000
N 33 contacts 0 awake 0 manifolds 0 recycled 0 sat 0 satHit 0 joints 19800
34 0x0459f391e13f7015
F 34 2.0947 0.0577 0.0000 2.0370 0.0003 1.8406 0.1143 0.2233 0.1870 0.6428 0.0504 0.6198 0.0013 0.0000 0.0000 0.0979 0.0000 0.0008 0.0000 0.0973 0.0000 0.0000 0.0000
N 34 contacts 0 awake 0 manifolds 0 recycled 0 sat 0 satHit 0 joints 19800
35 0x484c445fdc3d17ed
F 35 2.3096 0.2654 0.0000 2.0442 0.0002 1.8886 0.1317 0.2487 0.1914 0.6435 0.0507 0.6202 0.0009 0.0000 0.0000 0.0956 0.0000 0.0008 0.0000 0.0589 0.0000 0.0000 0.0000
N 35 contacts 0 awake 0 manifolds 0 recycled 0 sat 0 satHit 0 joints 19800
36 0x7a9ebcc0f8c7d2ed
F 36 2.1355 0.1387 0.0000 1.9967 0.0002 1.8787 0.1264 0.2208 0.1895 0.6423 0.0503 0.6467 0.0013 0.0000 0.0000 0.0922 0.0000 0.0008 0.0000 0.0246 0.0000 0.0000 0.0000
N 36 contacts 0 awake 0 manifolds 0 recycled 0 sat 0 satHit 0 joints 19800
37 0x021ef647b320495d
F 37 2.0861 0.0531 0.0000 2.0330 0.0002 1.8274 0.1093 0.2195 0.1905 0.6338 0.0505 0.6210 0.0014 0.0000 0.0000 0.1067 0.0000 0.0008 0.0000 0.0977 0.0000 0.0000 0.0000
N 37 contacts 0 awake 0 manifolds 0 recycled 0 sat 0 satHit 0 joints 19800
38 0xf6497d8256977da5
F 38 2.2891 0.2752 0.0000 2.0138 0.0002 1.8801 0.1243 0.2411 0.1920 0.6411 0.0503 0.6285 0.0012 0.0000 0.0000 0.0927 0.0000 0.0008 0.0000 0.0400 0.0000 0.0000 0.0000
N 38 contacts 0 awake 0 manifolds 0 recycled 0 sat 0 satHit 0 joints 19800
39 0xf6f4ee4d964448f5
F 39 2.0570 0.0973 0.0000 1.9596 0.0003 1.8273 0.1131 0.2182 0.1867 0.6331 0.0504 0.6222 0.0015 0.0000 0.0000 0.0936 0.0000 0.0008 0.0000 0.0377 0.0000 0.0000 0.0000
N 39 contacts 0 awake 0 manifolds 0 recycled 0 sat 0 satHit 0 joints 19800
