0 0xc632f4e6fc4ec975
1 0x7d890fecf271010d
2 0x97d14b9ff5e7bc3d
3 0x7295cbba1121f0bd
4 0x1a4778db04110845
5 0xdf5349fd22aa6035
6 0x29a7860e0a43211d
7 0x395bbd70f228c9dd
8 0xa03538251aba90fd
9 0xdc78738ea42c884d
10 0x5f4f2c5b8808f095
11 0x663568a20f27c40d
12 0x96a49ee42aad6da5
13 0xe81b2a9881ef51bd
14 0x5df58837366c0105
15 0x0f4e91d5319f1bd5
16 0x0a3f4e13886718fd
17 0x18168887e0b708b5
18 0xc9358a463c32913d
19 0x43e6af16802c3955
20 0x68824f099fdd1c15
F 20 7.5467 0.3368 0.0000 7.2098 0.0001 6.7570 0.3176 0.8255 0.6933 2.4050 0.1865 2.3290 0.0001 0.0000 0.0000 0.3342 0.0000 0.0004 0.0000 0.1180 0.0000 0.0000 0.0000
N 20 contacts 0 awake 0 manifolds 0 recycled 0 sat 0 satHit 0 joints 19800
21 0x9d24302c9ae32985
F 21 8.6337 1.4219 0.0000 7.2116 0.0001 6.8193 0.3100 0.8392 0.6836 2.4662 0.1858 2.3343 0.0000 0.0000 0.0000 0.3369 0.0000 0.0005 0.0000 0.0548 0.0000 0.0000 0.0000
N 21 contacts 0 awake 0 manifolds 0 recycled 0 sat 0 satHit 0 joints 19800
22 0x4d6888c4c2717bb5
F 22 7.7184 0.4555 0.0000 7.2628 0.0001 6.7893 0.3123 0.8415 0.6914 2.4386 0.1875 2.3177 0.0000 0.0000 0.0000 0.3450 0.0000 0.0005 0.0000 0.1278 0.0000 0.0000 0.0000
N 22 contacts 0 awake 0 manifolds 0 recycled 0 sat 0 satHit 0 joints 19800
23 0x6dca1c482058834d
F 23 8.5160 1.3080 0.0000 7.2079 0.0001 6.7932 0.3143 0.8382 0.6944 2.4038 0.1886 2.3536 0.0001 0.0000 0.0000 0.3388 0.0000 0.0005 0.0000 0.0752 0.0000 0.0000 0.0000
N 23 contacts 0 awake 0 manifolds 0 recycled 0 sat 0 satHit 0 joints 19800
24 0x7e1b6089e77a34bd
F 24 7.8996 0.6130 0.0000 7.2865 0.0001 6.8404 0.3459 0.8324 0.6891 2.4408 0.1917 2.3401 0.0001 0.0001 0.0000 0.3490 0.0000 0.0005 0.0000 0.0965 0.0000 0.0000 0.0000
N 24 contacts 0 awake 0 manifolds 0 recycled 0 sat 0 satHit 0 joints 19800
25 0xf42d43d5b69cb6b5
F 25 8.2611 1.0400 0.0000 7.2210 0.0001 6.8331 0.3159 0.8426 0.6838 2.4161 0.2025 2.3719 0.0001 0.0000 0.0000 0.3415 0.0000 0.0007 0.0000 0.0455 0.0000 0.0000 0.0000
N 25 contacts 0 awake 0 manifolds 0 recycled 0 sat 0 satHit 0 joints 19800
26 0xa42abc7665d175e5
F 26 7.6799 0.3267 0.0000 7.3532 0.0001 6.8536 0.3319 0.8614 0.6937 2.4418 0.1927 2.3318 0.0001 0.0000 0.0000 0.3605 0.0000 0.0004 0.0000 0.1385 0.0000 0.0000 0.0000
N 26 contacts 0 awake 0 manifolds 0 recycled 0 sat 0 satHit 0 joints 19800
27 0xd0d922b0c11ae4a5
F 27 8.6947 1.5239 0.0000 7.1708 0.0001 6.8016 0.3160 0.8337 0.6863 2.4355 0.1858 2.3440 0.0001 0.0000 0.0000 0.3332 0.0000 0.0005 0.0000 0.0352 0.0000 0.0000 0.0000
N 27 contacts 0 awake 0 manifolds 0 recycled 0 sat 0 satHit 0 joints 19800
28 0x848fa6affd40ef2d
F 28 7.4889 0.2622 0.0000 7.2267 0.0001 6.8076 0.3136 0.8475 0.7115 2.4062 0.1935 2.3350 0.0001 0.0000 0.0000 0.3327 0.0000 0.0005 0.0000 0.0857 0.0000 0.0000 0.0000
N 28 contacts 0 awake 0 manifolds 0 recycled 0 sat 0 satHit 0 joints 19800
29 0x29b0bc78c1c7e925
F 29 8.2377 1.0562 0.0000 7.1815 0.0001 6.7899 0.3159 0.8363 0.6989 2.4163 0.1897 2.3327 0.0000 0.0000 0.0000 0.3371 0.0000 0.0006 0.0000 0.0537 0.0000 0.0000 0.0000
N 29 contacts 0 awake 0 manifolds 0 recycled 0 sat 0 satHit 0 joints 19800
30 0x1266f78134d24db5
F 30 7.7405 0.4803 0.0000 7.2599 0.0001 6.8138 0.3181 0.8425 0.6880 2.4381 0.1858 2.3408 0.0001 0.0000 0.0000 0.3251 0.0000 0.0005 0.0000 0.1203 0.0000 0.0000 0.0002
N 30 contacts 0 awake 0 manifolds 0 recycled 0 sat 0 satHit 0 joints 19800
31 0x41cca7cc5251f215
F 31 8.3013 1.2154 0.0000 7.0859 0.0004 6.7179 0.3107 0.8135 0.6855 2.4075 0.1885 2.3118 0.0001 0.0000 0.0000 0.3252 0.0000 0.0005 0.0000 0.0417 0.0000 0.0000 0.0000
N 31 contacts 0 awake 0 manifolds 0 recycled 0 sat 0 satHit 0 joints 19800
32 0x1f3e7c84f92e4a1d
F 32 7.6145 0.3187 0.0000 7.2957 0.0002 6.8289 0.3161 0.8405 0.6952 2.4064 0.1917 2.3788 0.0000 0.0000 0.0000 0.3483 0.0000 0.0005 0.0000 0.1175 0.0000 0.0000 0.0000
N 32 contacts 0 awake 0 manifolds 0 recycled 0 sat 0 satHit 0 joints 19800
33 0xe6fa2509e0dc4825
F 33 8.4177 1.2775 0.0000 7.1401 0.0001 6.7777 0.3137 0.8431 0.6840 2.4014 0.1930 2.3423 0.0001 0.0000 0.0000 0.3353 0.0000 0.0004 0.0000 0.0265 0.0000 0.0000 0.0000
N 33 contacts 0 awake 0 manifolds 0 recycled 0 sat 0 satHit 0 joints 19800
34 0x0459f391e13f7015
F 34 7.5808 0.1847 0.0000 7.3961 0.0001 6.9397 0.3103 0.8818 0.6995 2.4559 0.1901 2.4020 0.0001 0.0000 0.0000 0.3438 0.0000 0.0005 0.0000 0.1118 0.0000 0.0000 0.0000
N 34 contacts 0 awake 0 manifolds 0 recycled 0 sat 0 satHit 0 joints 19800
35 0x484c445fdc3d17ed
F 35 8.1944 1.0263 0.0000 7.1681 0.0002 6.7750 0.3131 0.8372 0.6912 2.4075 0.1928 2.3330 0.0000 0.0000 0.0000 0.3415 0.0000 0.0004 0.0000 0.0509 0.0000 0.0000 0.0000
N 35 contacts 0 awake 0 manifolds 0 recycled 0 sat 0 satHit 0 joints 19800
36 0x7a9ebcc0f8c7d2ed
F 36 7.6688 0.5006 0.0000 7.1681 0.0001 6.8159 0.3240 0.8548 0.6964 2.4120 0.1875 2.3410 0.0000 0.0000 0.0000 0.3276 0.0000 0.0006 0.0000 0.0238 0.0000 0.0000 0.0000
N 36 contacts 0 awake 0 manifolds 0 recycled 0 sat 0 satHit 0 joints 19800
37 0x021ef647b320495d
F 37 7.4474 0.1715 0.0000 7.2758 0.0001 6.8063 0.3184 0.8490 0.6901 2.4206 0.1901 2.3377 0.0000 0.0000 0.0000 0.3763 0.0000 0.0005 0.0000 0.0925 0.0000 0.0000 0.0000
N 37 contacts 0 awake 0 manifolds 0 recycled 0 sat 0 satHit 0 joints 19800
38 0xf6497d8256977da5
F 38 8.1648 1.0008 0.0000 7.1639 0.0001 6.7947 0.3190 0.8352 0.6896 2.4264 0.1858 2.3385 0.0001 0.0000 0.0000 0.3302 0.0000 0.0005 0.0000 0.0384 0.0000 0.0000 0.0000
N 38 contacts 0 awake 0 manifolds 0 recycled 0 sat 0 satHit 0 joints 19800
39 0xf6f4ee4d964448f5
F 39 7.4996 0.3220 0.0000 7.1775 0.0001 6.8076 0.3156 0.8436 0.6968 2.4203 0.1867 2.3444 0.0001 0.0000 0.0000 0.3334 0.0000 0.0005 0.0000 0.0359 0.0000 0.0000 0.0000
N 39 contacts 0 awake 0 manifolds 0 recycled 0 sat 0 satHit 0 joints 19800
