0 0xc632f4e6fc4ec975
1 0x7d890fecf271010d
2 0x97d14b9ff5e7bc3d
3 0x7295cbba1121f0bd
4 0x1a4778db04110845
5 0xdf5349fd22aa6035
6 0x29a7860e0a43211d
7 0x395bbd70f228c9dd
8 0xa03538251aba90fd
9 0xdc78738ea42c884d
10 0x5f4f2c5b8808f095
11 0x663568a20f27c40d
12 0x96a49ee42aad6da5
13 0xe81b2a9881ef51bd
14 0x5df58837366c0105
15 0x0f4e91d5319f1bd5
16 0x0a3f4e13886718fd
17 0x18168887e0b708b5
18 0xc9358a463c32913d
19 0x43e6af16802c3955
20 0x68824f099fdd1c15
F 20 12.5046 9.4497 0.0003 3.0428 0.0045 2.5433 0.1899 0.1128 0.2329 0.9695 0.0586 0.9688 0.0012 0.0003 0.0000 0.1750 0.0159 0.0879 0.0003 0.2109 0.0000 0.0000 0.0004
W 20 contacts 0 awake 0 joints 19800
21 0x9d24302c9ae32985
F 21 3.5830 0.7182 0.0001 2.8636 0.0031 2.5069 0.1897 0.1030 0.2253 0.9808 0.0565 0.9429 0.0011 0.0002 0.0000 0.1639 0.0109 0.0738 0.0002 0.0998 0.0000 0.0000 0.0002
W 21 contacts 0 awake 0 joints 19800
22 0x4d6888c4c2717bb5
F 22 3.2752 0.2984 0.0002 2.9757 0.0034 2.5382 0.1762 0.1089 0.2347 0.9452 0.0668 0.9977 0.0014 0.0001 0.0000 0.1630 0.0096 0.0730 0.0002 0.1839 0.0000 0.0000 0.0001
W 22 contacts 0 awake 0 joints 19800
23 0x6dca1c482058834d
F 23 3.5610 0.6827 0.0001 2.8778 0.0023 2.5046 0.1862 0.1086 0.2341 0.9412 0.0559 0.9731 0.0012 0.0001 0.0000 0.1663 0.0096 0.0706 0.0002 0.1195 0.0000 0.0000 0.0001
W 23 contacts 0 awake 0 joints 19800
24 0x7e1b6089e77a34bd
F 24 3.2234 0.3170 0.0001 2.9055 0.0030 2.5051 0.1739 0.1085 0.2394 0.9690 0.0590 0.9495 0.0016 0.0001 0.0000 0.1656 0.0109 0.0712 0.0003 0.1443 0.0000 0.0000 0.0001
W 24 contacts 0 awake 0 joints 19800
25 0xf42d43d5b69cb6b5
F 25 3.3671 0.5553 0.0001 2.8112 0.0026 2.5060 0.1806 0.1058 0.2401 0.9577 0.0555 0.9604 0.0022 0.0001 0.0000 0.1515 0.0108 0.0563 0.0002 0.0790 0.0000 0.0000 0.0000
W 25 contacts 0 awake 0 joints 19800
26 0xa42abc7665d175e5
F 26 3.1495 0.1992 0.0000 2.9497 0.0015 2.4982 0.1792 0.1071 0.2306 0.9588 0.0586 0.9585 0.0010 0.0001 0.0000 0.1629 0.0107 0.0637 0.0002 0.2074 0.0000 0.0000 0.0000
W 26 contacts 0 awake 0 joints 19800
27 0xd0d922b0c11ae4a5
F 27 3.6045 0.7968 0.0001 2.8070 0.0016 2.4809 0.1873 0.1019 0.2270 0.9585 0.0614 0.9402 0.0010 0.0001 0.0000 0.1760 0.0095 0.0690 0.0002 0.0650 0.0000 0.0000 0.0001
W 27 contacts 0 awake 0 joints 19800
28 0x848fa6affd40ef2d
F 28 3.0552 0.1766 0.0001 2.8780 0.0021 2.4874 0.1868 0.1027 0.2235 0.9688 0.0556 0.9452 0.0013 0.0001 0.0000 0.1752 0.0108 0.0574 0.0001 0.1397 0.0000 0.0000 0.0000
W 28 contacts 0 awake 0 joints 19800
29 0x29b0bc78c1c7e925
F 29 3.3944 0.5598 0.0001 2.8337 0.0027 2.5057 0.1813 0.1030 0.2324 0.9810 0.0616 0.9408 0.0011 0.0003 0.0000 0.1634 0.0107 0.0540 0.0002 0.0920 0.0000 0.0000 0.0002
W 29 contacts 0 awake 0 joints 19800
30 0x1266f78134d24db5
F 30 3.1595 0.2929 0.0001 2.8660 0.0019 2.4877 0.1805 0.1032 0.2267 0.9713 0.0591 0.9422 0.0010 0.0001 0.0000 0.1615 0.0096 0.0527 0.0001 0.1482 0.0000 0.0000 0.0001
W 30 contacts 0 awake 0 joints 19800
31 0x41cca7cc5251f215
F 31 3.4678 0.6892 0.0001 2.7777 0.0023 2.4798 0.1836 0.1105 0.2307 0.9497 0.0557 0.9443 0.0011 0.0001 0.0000 0.1604 0.0097 0.0526 0.0002 0.0681 0.0000 0.0000 0.0001
W 31 contacts 0 awake 0 joints 19800
32 0x1f3e7c84f92e4a1d
F 32 3.6267 0.2201 0.0002 3.4055 0.0040 2.8271 0.1817 0.1081 0.2907 1.0917 0.0691 1.0772 0.0016 0.0002 0.0000 0.2185 0.0139 0.0848 0.0004 0.2503 0.0000 0.0000 0.0002
W 32 contacts 0 awake 0 joints 19800
33 0xe6fa2509e0dc4825
F 33 3.6198 0.7513 0.0002 2.8668 0.0051 2.5200 0.1838 0.1059 0.2392 0.9629 0.0574 0.9644 0.0017 0.0003 0.0000 0.1622 0.0096 0.0968 0.0003 0.0677 0.0000 0.0000 0.0003
W 33 contacts 0 awake 0 joints 19800
34 0x0459f391e13f7015
F 34 3.0522 0.1455 0.0001 2.9058 0.0040 2.4958 0.1857 0.1061 0.2248 0.9676 0.0616 0.9438 0.0022 0.0002 0.0000 0.1713 0.0097 0.0674 0.0001 0.1528 0.0000 0.0000 0.0001
W 34 contacts 0 awake 0 joints 19800
35 0x484c445fdc3d17ed
F 35 3.4428 0.5725 0.0001 2.8697 0.0024 2.5269 0.1865 0.1023 0.2316 0.9755 0.0636 0.9629 0.0010 0.0002 0.0000 0.1659 0.0097 0.0653 0.0003 0.0948 0.0000 0.0000 0.0001
W 35 contacts 0 awake 0 joints 19800
36 0x7a9ebcc0f8c7d2ed
F 36 3.1773 0.3196 0.0002 2.8568 0.0036 2.5226 0.1921 0.1028 0.2367 0.9815 0.0557 0.9485 0.0010 0.0002 0.0000 0.1661 0.0108 0.0735 0.0003 0.0747 0.0000 0.0000 0.0003
W 36 contacts 0 awake 0 joints 19800
37 0x021ef647b320495d
F 37 3.1686 0.2320 0.0001 2.9305 0.0030 2.5067 0.1811 0.1080 0.2361 0.9639 0.0558 0.9532 0.0028 0.0003 0.0000 0.1635 0.0110 0.0660 0.0003 0.1736 0.0000 0.0000 0.0055
W 37 contacts 0 awake 0 joints 19800
38 0xf6497d8256977da5
F 38 3.3470 0.5561 0.0001 2.7904 0.0022 2.4783 0.1750 0.1029 0.2306 0.9697 0.0586 0.9363 0.0012 0.0001 0.0000 0.1665 0.0097 0.0581 0.0002 0.0709 0.0000 0.0000 0.0001
W 38 contacts 0 awake 0 joints 19800
39 0xf6f4ee4d964448f5
F 39 3.0852 0.2275 0.0002 2.8567 0.0035 2.5042 0.1780 0.1046 0.2408 0.9516 0.0554 0.9683 0.0011 0.0003 0.0000 0.1614 0.0190 0.0705 0.0003 0.0914 0.0000 0.0000 0.0001
W 39 contacts 0 awake 0 joints 19800
KI 2.901950 _RNvNtCscZqW6pU5GSG_15shallot_physics5solve7run_job
KI 2.901950 runMt
KI 2.901950 js-to-wasm::
KI 2.542700 _RINvNtCscZqW6pU5GSG_15shallot_physics6stages18execute_main_stageNtNtB4_5solve4WorkEB4_
KI 2.292700 _RINvNtCscZqW6pU5GSG_15shallot_physics6stages13execute_blockNtNtB4_5solve4WorkEB4_
KI 1.853150 _RNvNtCscZqW6pU5GSG_15shallot_physics5joint5solve
KI 0.400400 stepAdvance
KI 0.400400 js-to-wasm::i
KI 0.229800 _RNvNtCscZqW6pU5GSG_15shallot_physics5joint13prepare_world
KI 0.179450 _RINvNtCscZqW6pU5GSG_15shallot_physics4tree5queryNCNvNtB4_8pairwork9run_query0EB4_
KI 0.158650 _RNvNtCscZqW6pU5GSG_15shallot_physics5joint10warm_start
KI 0.149600 _RNvNtCscZqW6pU5GSG_15shallot_physics4tree7rebuild
KI 0.149600 rebuildTrees
KI 0.075450 bodyFinish
KI 0.075150 treeEnlargePass
KI 0.073350 _RNvNtCscZqW6pU5GSG_15shallot_physics4tree13partition_mid
KI 0.050050 _RNvNtCscZqW6pU5GSG_15shallot_physics4tree13enlarge_proxy
KI 0.026000 broadClearMoves
KI 0.025300 _RNvNtCscZqW6pU5GSG_15shallot_physics10continuous6bounds
KI 0.025000 sensorConsumeContinuous
KI 0.024250 jointCollectEvents
KS 1.853150 _RNvNtCscZqW6pU5GSG_15shallot_physics5joint5solve
KS 0.250000 _RINvNtCscZqW6pU5GSG_15shallot_physics6stages18execute_main_stageNtNtB4_5solve4WorkEB4_
KS 0.229800 _RNvNtCscZqW6pU5GSG_15shallot_physics5joint13prepare_world
KS 0.179450 _RINvNtCscZqW6pU5GSG_15shallot_physics4tree5queryNCNvNtB4_8pairwork9run_query0EB4_
KS 0.158650 _RNvNtCscZqW6pU5GSG_15shallot_physics5joint10warm_start
KS 0.154500 _RNvNtCscZqW6pU5GSG_15shallot_physics5solve7run_job
KS 0.076250 _RNvNtCscZqW6pU5GSG_15shallot_physics4tree7rebuild
KS 0.075450 bodyFinish
KS 0.073350 _RNvNtCscZqW6pU5GSG_15shallot_physics4tree13partition_mid
KS 0.051100 _RINvNtCscZqW6pU5GSG_15shallot_physics6stages13execute_blockNtNtB4_5solve4WorkEB4_
KS 0.050050 _RNvNtCscZqW6pU5GSG_15shallot_physics4tree13enlarge_proxy
KS 0.026000 broadClearMoves
KS 0.025300 _RNvNtCscZqW6pU5GSG_15shallot_physics10continuous6bounds
KS 0.025100 treeEnlargePass
KS 0.025000 sensorConsumeContinuous
KS 0.024950 stepAdvance
KS 0.024250 jointCollectEvents
J solve total 3.792 wasm 3.302 join 0.464 ts 0.026
JC solve 3.366 runPool
JC solve 3.366 runPool > run
JC solve 2.902 runPool > run > runMt
JC solve 2.902 runPool > run > runMt > _RNvNtCscZqW6pU5GSG_15shallot_physics5solve7run_job
JC solve 2.543 runPool > run > runMt > _RNvNtCscZqW6pU5GSG_15shallot_physics5solve7run_job > _RINvNtCscZqW6pU5GSG_15shallot_physics6stages18execute_main_stageNtNtB4_5solve4WorkEB4_
JC solve 0.179 runPool > run > runMt > _RNvNtCscZqW6pU5GSG_15shallot_physics5solve7run_job > _RINvNtCscZqW6pU5GSG_15shallot_physics4tree5queryNCNvNtB4_8pairwork9run_query0EB4_
JC solve 0.025 runPool > run > runMt > _RNvNtCscZqW6pU5GSG_15shallot_physics5solve7run_job > _RNvNtCscZqW6pU5GSG_15shallot_physics10continuous6bounds
JC solve 0.426 stepAdvance
JC solve 0.150 stepAdvance > rebuildTrees
JC solve 0.150 stepAdvance > rebuildTrees > _RNvNtCscZqW6pU5GSG_15shallot_physics4tree7rebuild
JC solve 0.073 stepAdvance > rebuildTrees > _RNvNtCscZqW6pU5GSG_15shallot_physics4tree7rebuild > _RNvNtCscZqW6pU5GSG_15shallot_physics4tree13partition_mid
JC solve 0.075 stepAdvance > bodyFinish
JC solve 0.075 stepAdvance > treeEnlargePass
JC solve 0.050 stepAdvance > treeEnlargePass > _RNvNtCscZqW6pU5GSG_15shallot_physics4tree13enlarge_proxy
JC solve 0.026 stepAdvance > broadClearMoves
JC solve 0.026 stepAdvance > wasm-to-js
JC solve 0.026 stepAdvance > wasm-to-js > (anonymous)
JC solve 0.026 stepAdvance > wasm-to-js > (anonymous) > now
JC solve 0.026 stepAdvance > wasm-to-js > (anonymous) > now > wrappedFn
JC solve 0.025 stepAdvance > sensorConsumeContinuous
JC solve 0.024 stepAdvance > jointCollectEvents
WP 0 {"nodes":[{"id":1,"callFrame":{"functionName":"(root)","scriptId":"0","url":"","lineNumber":-1,"columnNumber":-1},"hitCount":0,"children":[2]},{"id":2,"callFrame":{"functionName":"","scriptId":"117","url":"[worker eval]","lineNumber":50,"columnNumber":39},"hitCount":0,"children":[3]},{"id":3,"callFrame":{"functionName":"boot","scriptId":"117","url":"[worker eval]","lineNumber":1,"columnNumber":13},"hitCount":714,"children":[4,5],"positionTicks":[{"line":13,"ticks":714}]},{"id":4,"callFrame":{"functionName":"post","scriptId":"121","url":"node:inspector","lineNumber":114,"columnNumber":6},"hitCount":0},{"id":5,"callFrame":{"functionName":"js-to-wasm::","scriptId":"113","url":"wasm://wasm/shallot_physics.wasm-00dd932e","lineNumber":0,"columnNumber":7715},"hitCount":0,"children":[6]},{"id":6,"callFrame":{"functionName":"workerMain","scriptId":"113","url":"wasm://wasm/shallot_physics.wasm-00dd932e","lineNumber":0,"columnNumber":520440},"hitCount":0,"children":[7]},{"id":7,"callFrame":{"functionName":"_RNvNtCscZqW6pU5GSG_15shallot_physics5solve7run_job","scriptId":"113","url":"wasm://wasm/shallot_physics.wasm-00dd932e","lineNumber":0,"columnNumber":374825},"hitCount":17,"children":[8,10],"positionTicks":[{"line":1,"ticks":17}]},{"id":8,"callFrame":{"functionName":"_RINvNtCscZqW6pU5GSG_15shallot_physics6stages13execute_blockNtNtB4_5solve4WorkEB4_","scriptId":"113","url":"wasm://wasm/shallot_physics.wasm-00dd932e","lineNumber":0,"columnNumber":19414},"hitCount":4,"children":[9,11,12],"positionTicks":[{"line":1,"ticks":4}]},{"id":9,"callFrame":{"functionName":"_RNvNtCscZqW6pU5GSG_15shallot_physics5joint5solve","scriptId":"113","url":"wasm://wasm/shallot_physics.wasm-00dd932e","lineNumber":0,"columnNumber":67969},"hitCount":73,"positionTicks":[{"line":1,"ticks":73}]},{"id":11,"callFrame":{"functionName":"_RNvNtCscZqW6pU5GSG_15shallot_physics5joint13prepare_world","scriptId":"113","url":"wasm://wasm/shallot_physics.wasm-00dd932e","lineNumber":0,"columnNumber":47561},"hitCount":6,"positionTicks":[{"line":1,"ticks":6}]},{"id":12,"callFrame":{"functionName":"_RNvNtCscZqW6pU5GSG_15shallot_physics5joint10warm_start","scriptId":"113","url":"wasm://wasm/shallot_physics.wasm-00dd932e","lineNumber":0,"columnNumber":121414},"hitCount":7,"positionTicks":[{"line":1,"ticks":7}]},{"id":10,"callFrame":{"functionName":"_RINvNtCscZqW6pU5GSG_15shallot_physics4tree5queryNCNvNtB4_8pairwork9run_query0EB4_","scriptId":"113","url":"wasm://wasm/shallot_physics.wasm-00dd932e","lineNumber":0,"columnNumber":14974},"hitCount":7,"positionTicks":[{"line":1,"ticks":7}]}],"startTime":123166151477,"endTime":123166577403,"samples":[4,9,9,9,7,9,3,3,3,3,3,3,3,3,3,3,3,3,3,3,3,3,3,3,3,3,3,3,3,3,3,3,3,3,3,3,3,3,3,3,3,3,3,10,11,9,9,9,9,7,3,3,3,3,3,3,3,3,3,3,3,3,3,3,3,3,3,3,3,3,3,3,3,3,3,3,3,3,3,3,3,3,3,3,10,12,9,9,9,9,3,3,3,3,3,3,3,3,3,3,3,3,3,3,3,3,3,3,3,3,3,3,3,3,3,3,3,3,3,3,3,3,3,3,3,3,12,9,9,9,9,3,3,3,3,3,3,3,3,3,3,3,3,3,3,3,3,3,3,3,3,3,3,3,3,3,3,3,3,3,3,3,3,3,3,3,3,8,7,9,12,9,3,3,3,3,3,3,3,3,3,3,3,3,3,3,3,3,3,3,3,3,3,3,3,3,3,3,3,3,3,3,3,3,3,3,3,3,9,9,7,9,9,3,3,3,3,3,3,3,3,3,3,3,3,3,3,3,3,3,3,3,3,3,3,3,3,3,3,3,3,3,3,3,3,3,3,3,8,9,9,9,9,3,3,3,3,3,3,3,3,3,3,3,3,3,3,3,3,3,3,3,3,3,3,3,3,3,3,3,3,3,3,3,3,3,3,3,3,11,9,9,9,9,7,3,3,3,3,3,3,3,3,3,3,3,3,3,3,3,3,3,3,3,3,3,3,3,3,3,3,3,3,3,3,3,3,3,3,3,11,9,9,9,9,7,3,3,3,3,3,3,3,3,3,3,3,3,3,3,3,3,3,3,3,3,3,3,3,3,3,3,3,3,3,3,3,3,3,3,10,3,7,9,9,9,7,3,3,3,3,3,3,3,3,3,3,3,3,3,3,3,3,3,3,3,3,3,3,3,3,3,3,3,3,3,3,3,3,3,3,3,9,9,9,9,7,3,3,3,3,3,3,3,3,3,3,3,3,3,3,3,3,3,3,3,3,3,3,3,3,3,3,3,3,3,3,3,3,3,3,10,3,9,9,9,12,9,3,3,3,3,3,3,3,3,3,3,3,3,3,3,3,3,3,3,3,3,3,3,3,3,3,3,3,3,3,3,3,3,3,3,3,3,3,9,9,9,9,9,9,3,3,3,3,3,3,3,3,3,3,3,3,3,3,3,3,3,3,3,3,3,3,3,3,3,3,3,3,3,3,3,3,3,3,3,3,3,3,3,12,9,9,7,9,3,3,3,3,3,3,3,3,3,3,3,3,3,3,3,3,3,3,3,3,3,3,3,3,3,3,3,3,3,3,3,3,3,3,3,11,7,9,9,9,7,3,3,3,3,3,3,3,3,3,3,3,3,3,3,3,3,3,3,3,3,3,3,3,3,3,3,3,3,3,3,3,3,3,3,10,11,7,9,9,9,7,3,3,3,3,3,3,3,3,3,3,3,3,3,3,3,3,3,3,3,3,3,3,3,3,3,3,3,3,3,3,3,3,3,3,3,11,9,9,9,9,7,3,3,3,3,3,3,3,3,3,3,3,3,3,3,3,3,3,3,3,3,3,3,3,3,3,3,3,3,3,3,3,3,3,3,3,9,9,12,8,7,3,3,3,3,3,3,3,3,3,3,3,3,3,3,3,3,3,3,3,3,3,3,3,3,3,3,3,3,3,3,3,3,3,3,10,3,8,9,9,9,7,3,3,3,3,3,3,3,3,3,3,3,3,3,3,3,3,3,3,3,3,3,3,3,3,3,3,3,3,3,3,3,3,3,3,10,9,12,9,9,9,3,3,3,3,3,3,3,3,3,3,3,3,3,3,3,3,3,3,3,3,3,3,3,3,3,3,3,3,3,3,3,3,3,3,3,3,3,3,3,3],"timeDeltas":[9129,539,381,460,510,538,472,526,482,500,508,441,502,499,528,499,482,517,505,504,510,509,508,508,506,505,505,474,503,504,491,486,502,511,522,496,509,506,513,513,498,512,505,497,515,441,511,500,513,511,555,470,505,510,516,510,439,501,523,494,509,511,525,505,509,505,490,518,505,512,508,492,509,524,501,508,507,450,490,518,489,499,515,505,553,473,492,544,502,500,496,511,503,506,505,505,513,493,500,502,521,495,513,501,495,514,507,500,503,504,511,504,504,506,514,512,508,502,508,511,507,515,513,509,503,508,507,498,507,501,566,450,514,505,529,494,509,501,510,513,504,476,512,504,496,441,513,510,511,511,506,508,512,518,510,518,509,511,486,513,517,496,501,518,505,512,506,503,511,473,498,508,514,506,506,502,501,508,496,523,506,501,507,505,502,505,496,495,509,511,503,495,495,513,500,499,510,514,521,508,504,507,493,533,505,480,534,495,501,499,525,493,504,506,501,503,512,515,512,516,485,523,501,510,507,505,507,503,501,514,490,509,510,510,495,515,503,524,514,505,504,515,437,507,510,480,513,507,511,504,513,507,509,508,513,504,507,502,513,471,509,498,509,511,506,528,499,511,502,514,507,513,511,494,513,505,506,488,504,505,508,509,509,512,495,502,514,498,504,503,500,525,513,500,484,512,514,516,500,515,509,523,503,493,500,495,524,499,509,500,503,510,513,509,523,504,161,369,506,497,489,501,512,501,504,503,514,504,507,514,502,516,475,495,498,505,508,507,513,507,503,490,507,503,504,479,502,504,503,526,501,490,505,510,509,506,508,512,504,508,506,509,508,508,505,510,517,513,509,503,508,507,497,517,503,557,449,520,508,508,503,514,503,501,510,506,508,514,494,522,510,505,499,506,515,510,522,506,506,504,509,499,518,498,509,500,534,509,498,495,505,516,491,528,495,507,500,480,499,492,494,503,504,511,521,493,472,511,503,503,504,509,498,508,502,505,504,515,506,508,519,504,499,503,509,472,493,514,521,503,508,490,509,501,509,508,499,524,491,499,499,509,502,508,506,507,500,505,507,504,509,509,505,500,506,511,189,305,504,502,512,517,470,522,493,505,500,491,501,507,501,506,509,509,508,508,495,456,508,455,155,524,463,498,525,519,506,486,494,459,538,495,505,503,479,531,522,464,526,500,500,506,511,513,503,502,496,522,495,509,506,494,478,504,507,504,510,509,525,506,504,506,433,494,506,488,508,508,495,495,508,510,517,502,501,514,503,501,510,519,501,517,488,502,501,504,514,499,518,518,504,498,493,505,511,503,507,509,503,501,504,502,486,506,504,498,502,497,508,509,504,509,517,498,507,506,471,509,507,507,512,530,511,492,501,504,510,504,504,505,504,498,484,482,503,523,498,516,501,520,498,515,481,513,517,489,510,497,498,511,508,498,524,522,509,507,509,512,497,503,507,508,498,505,505,480,506,504,507,504,504,509,507,506,505,514,502,505,502,495,504,504,500,503,451,492,500,512,526,509,503,510,501,513,504,506,495,510,510,499,508,509,511,508,509,517,490,520,493,505,506,529,513,512,509,516,507,517,505,508,504,514,491,499,501,503,508,515,506,504,507,507,508,502,509,512,500,503,508,510,511,504,514,507,504,505,499,511,506,502,508,504,516,505,504,512,501,501,513,502,501,521,510,445,510,475,531,473,507,504,504,508,513,507,509,515,518,503,502,500,506,502,515,492,510,503,510,504,517,496,507,505,507,506,507,505,510,507,503,503,506,509,508,508,509,510,506,514,504,520,501,504,502,497,512,495,513,503,506,514,502,504,504,509,509,481,506,515,497,509,505,509,501,501,504,498,504,511,514,503,517,499,503,504,509,495,504,502,507]}
WP 1 {"nodes":[{"id":1,"callFrame":{"functionName":"(root)","scriptId":"0","url":"","lineNumber":-1,"columnNumber":-1},"hitCount":0,"children":[2,12,15]},{"id":2,"callFrame":{"functionName":"","scriptId":"117","url":"[worker eval]","lineNumber":50,"columnNumber":39},"hitCount":0,"children":[3]},{"id":3,"callFrame":{"functionName":"boot","scriptId":"117","url":"[worker eval]","lineNumber":1,"columnNumber":13},"hitCount":713,"children":[4,5],"positionTicks":[{"line":13,"ticks":713}]},{"id":4,"callFrame":{"functionName":"post","scriptId":"121","url":"node:inspector","lineNumber":114,"columnNumber":6},"hitCount":0},{"id":5,"callFrame":{"functionName":"js-to-wasm::","scriptId":"113","url":"wasm://wasm/shallot_physics.wasm-00dd932e","lineNumber":0,"columnNumber":7715},"hitCount":0,"children":[6]},{"id":6,"callFrame":{"functionName":"workerMain","scriptId":"113","url":"wasm://wasm/shallot_physics.wasm-00dd932e","lineNumber":0,"columnNumber":520440},"hitCount":0,"children":[7]},{"id":7,"callFrame":{"functionName":"_RNvNtCscZqW6pU5GSG_15shallot_physics5solve7run_job","scriptId":"113","url":"wasm://wasm/shallot_physics.wasm-00dd932e","lineNumber":0,"columnNumber":374825},"hitCount":13,"children":[8,10,14],"positionTicks":[{"line":1,"ticks":13}]},{"id":8,"callFrame":{"functionName":"_RINvNtCscZqW6pU5GSG_15shallot_physics6stages13execute_blockNtNtB4_5solve4WorkEB4_","scriptId":"113","url":"wasm://wasm/shallot_physics.wasm-00dd932e","lineNumber":0,"columnNumber":19414},"hitCount":12,"children":[9,11,13],"positionTicks":[{"line":1,"ticks":12}]},{"id":9,"callFrame":{"functionName":"_RNvNtCscZqW6pU5GSG_15shallot_physics5joint5solve","scriptId":"113","url":"wasm://wasm/shallot_physics.wasm-00dd932e","lineNumber":0,"columnNumber":67969},"hitCount":69,"positionTicks":[{"line":1,"ticks":69}]},{"id":11,"callFrame":{"functionName":"_RNvNtCscZqW6pU5GSG_15shallot_physics5joint13prepare_world","scriptId":"113","url":"wasm://wasm/shallot_physics.wasm-00dd932e","lineNumber":0,"columnNumber":47561},"hitCount":8,"positionTicks":[{"line":1,"ticks":8}]},{"id":13,"callFrame":{"functionName":"_RNvNtCscZqW6pU5GSG_15shallot_physics5joint10warm_start","scriptId":"113","url":"wasm://wasm/shallot_physics.wasm-00dd932e","lineNumber":0,"columnNumber":121414},"hitCount":4,"positionTicks":[{"line":1,"ticks":4}]},{"id":10,"callFrame":{"functionName":"_RINvNtCscZqW6pU5GSG_15shallot_physics4tree5queryNCNvNtB4_8pairwork9run_query0EB4_","scriptId":"113","url":"wasm://wasm/shallot_physics.wasm-00dd932e","lineNumber":0,"columnNumber":14974},"hitCount":7,"positionTicks":[{"line":1,"ticks":7}]},{"id":14,"callFrame":{"functionName":"_RNvNtNtCscZqW6pU5GSG_15shallot_physics6events7runtime10write_move","scriptId":"113","url":"wasm://wasm/shallot_physics.wasm-00dd932e","lineNumber":0,"columnNumber":417528},"hitCount":1,"positionTicks":[{"line":1,"ticks":1}]},{"id":12,"callFrame":{"functionName":"_RNvNtCscZqW6pU5GSG_15shallot_physics5joint10warm_start","scriptId":"113","url":"wasm://wasm/shallot_physics.wasm-00dd932e","lineNumber":0,"columnNumber":121414},"hitCount":1,"positionTicks":[{"line":1,"ticks":1}]},{"id":15,"callFrame":{"functionName":"_RNvNtCscZqW6pU5GSG_15shallot_physics5joint5solve","scriptId":"113","url":"wasm://wasm/shallot_physics.wasm-00dd932e","lineNumber":0,"columnNumber":67969},"hitCount":1,"positionTicks":[{"line":1,"ticks":1}]}],"startTime":123166151473,"endTime":123166577376,"samples":[4,8,9,9,8,9,7,3,3,3,3,3,3,3,3,3,3,3,3,3,3,3,3,3,3,3,3,3,3,3,3,3,3,3,3,3,3,3,3,3,3,3,3,10,11,9,7,8,9,7,3,3,3,3,3,3,3,3,3,3,3,3,3,3,3,3,3,3,3,3,3,3,3,3,3,3,3,3,3,3,3,3,3,3,10,12,8,9,9,8,3,3,3,3,3,3,3,3,3,3,3,3,3,3,3,3,3,3,3,3,3,3,3,3,3,3,3,3,3,3,3,3,3,3,3,3,13,8,9,9,9,3,3,3,3,3,3,3,3,3,3,3,3,3,3,3,3,3,3,3,3,3,3,3,3,3,3,3,3,3,3,3,3,3,3,3,3,9,9,9,9,9,3,3,3,3,3,3,3,3,3,3,3,3,3,3,3,3,3,3,3,3,3,3,3,3,3,3,3,3,3,3,3,3,3,3,3,3,9,9,8,9,9,3,3,3,3,3,3,3,3,3,3,3,3,3,3,3,3,3,3,3,3,3,3,3,3,3,3,3,3,3,3,3,3,3,3,3,13,9,9,9,9,3,3,3,3,3,3,3,3,3,3,3,3,3,3,3,3,3,3,3,3,3,3,3,3,3,3,3,3,3,3,3,3,3,3,3,3,11,9,9,9,9,3,3,3,3,3,3,3,3,3,3,3,3,3,3,3,3,3,3,3,3,3,3,3,3,3,3,3,3,3,3,3,3,3,3,3,11,9,9,9,7,7,3,3,3,3,3,3,3,3,3,3,3,3,3,3,3,3,3,3,3,3,3,3,3,3,3,3,3,3,3,3,3,3,3,3,10,11,8,9,9,9,7,3,3,3,3,3,3,3,3,3,3,3,3,3,3,3,3,3,3,3,3,3,3,3,3,3,3,3,3,3,3,3,3,3,3,11,8,9,9,9,7,3,3,3,3,3,3,3,3,3,3,3,3,3,3,3,3,3,3,3,3,3,3,3,3,3,3,3,3,3,3,3,3,3,3,10,3,9,9,9,8,9,3,3,3,3,3,3,3,3,3,3,3,3,3,3,3,3,3,3,3,3,3,3,3,3,3,3,3,3,3,3,3,3,3,3,3,3,3,9,9,9,9,9,9,3,3,3,3,3,3,3,3,3,3,3,3,3,3,3,3,3,3,3,3,3,3,3,3,3,3,3,3,3,3,3,3,3,3,3,3,3,3,3,13,9,9,9,9,3,3,3,3,3,3,3,3,3,3,3,3,3,3,3,3,3,3,3,3,3,3,3,3,3,3,3,3,3,3,3,3,3,3,3,11,9,9,9,9,7,3,3,3,3,3,3,3,3,3,3,3,3,3,3,3,3,3,3,3,3,3,3,3,3,3,3,3,3,3,3,3,3,3,3,10,11,9,8,9,9,14,3,3,3,3,3,3,3,3,3,3,3,3,3,3,3,3,3,3,3,3,3,3,3,3,3,3,3,3,3,3,3,3,3,3,3,3,11,9,9,9,9,7,3,3,3,3,3,3,3,3,3,3,3,3,3,3,3,3,3,3,3,3,3,3,3,3,3,3,3,3,3,3,3,3,3,3,3,9,7,7,8,9,3,3,3,3,3,3,3,3,3,3,3,3,3,3,3,3,3,3,3,3,3,3,3,3,3,3,3,3,3,3,3,3,3,3,10,3,7,9,9,9,7,3,3,3,3,3,3,3,3,3,3,3,3,3,3,3,3,3,3,3,3,3,3,3,3,3,3,3,3,3,3,3,3,3,3,3,10,15,13,9,9,9,3,3,3,3,3,3,3,3,3,3,3,3,3,3,3,3,3,3,3,3,3,3,3,3,3,3,3,3,3,3,3,3,3,3,3,3,3,3,3,3],"timeDeltas":[8956,554,509,490,505,526,406,513,509,497,505,507,509,511,531,504,508,505,499,513,503,504,500,501,507,510,443,502,500,509,510,502,495,501,502,504,507,508,522,507,502,512,505,500,513,463,523,503,506,509,549,517,509,460,507,510,438,507,516,497,499,505,513,502,501,515,502,505,506,511,502,528,509,502,430,503,502,511,512,524,503,505,515,504,508,500,516,535,499,478,517,516,513,502,498,501,503,507,512,494,497,502,510,512,512,520,486,524,508,494,506,508,509,511,497,531,492,503,506,503,520,526,488,509,505,503,506,514,524,481,493,519,514,507,522,499,506,508,520,506,491,503,483,506,504,465,510,505,502,514,508,491,507,502,511,513,503,502,524,491,508,506,503,509,506,502,509,501,507,498,519,479,535,505,486,503,499,514,509,505,485,501,511,501,512,510,508,508,511,511,500,496,502,516,505,501,515,493,505,501,501,511,522,485,502,520,520,500,527,458,503,513,509,507,500,513,508,511,509,516,496,508,504,520,509,498,511,486,508,509,504,512,527,499,505,516,505,501,515,511,501,510,503,471,508,482,524,500,524,481,488,500,525,505,501,514,509,495,504,504,498,507,522,519,506,512,484,505,517,520,502,500,510,505,492,509,507,517,493,508,510,508,522,510,503,487,508,527,503,484,509,515,517,484,557,499,507,455,512,503,504,511,505,500,488,505,507,505,509,510,509,511,510,512,507,510,515,502,512,502,504,504,502,504,503,502,504,508,504,510,505,502,495,503,524,523,493,517,502,470,514,469,506,504,522,496,505,513,501,503,502,524,508,506,511,498,506,513,500,504,522,506,496,527,505,485,511,508,526,513,511,498,515,480,509,505,508,519,496,501,505,514,502,510,503,509,515,498,509,516,495,531,502,512,524,510,495,516,503,498,514,501,512,497,529,507,509,496,510,519,511,499,498,485,501,501,490,502,515,504,509,505,483,507,491,510,507,509,502,503,504,483,520,491,505,502,527,505,481,504,515,501,500,504,507,469,514,512,504,503,505,508,499,503,508,504,529,515,500,489,512,497,506,510,503,502,504,513,501,507,513,502,507,482,508,194,317,509,473,520,522,495,511,477,502,501,487,504,509,499,509,502,506,501,505,509,504,509,468,128,476,508,489,548,501,496,507,504,511,458,482,458,515,500,510,500,544,501,498,504,523,511,496,497,499,500,512,511,524,483,523,495,499,510,507,496,513,512,510,512,477,427,490,518,479,508,506,504,507,520,514,503,499,509,522,501,503,506,507,516,493,505,504,509,505,483,514,504,536,506,500,493,501,508,503,508,508,473,512,507,543,467,517,523,462,506,510,494,503,518,507,520,505,513,483,509,503,502,505,491,507,501,516,508,475,511,503,501,505,510,498,500,491,517,487,515,514,509,500,500,507,499,537,498,505,490,510,496,507,491,512,496,509,516,502,512,508,197,348,512,506,508,504,503,506,465,508,507,505,502,502,503,506,508,505,523,504,499,517,496,521,502,505,392,528,490,533,485,500,497,500,524,489,511,504,504,511,508,507,505,522,477,514,504,512,512,511,507,506,518,504,511,511,513,509,506,508,526,497,509,510,502,507,503,500,514,497,498,503,506,512,501,503,502,504,528,502,507,517,505,510,504,514,510,504,507,508,499,507,503,509,502,507,509,495,518,500,507,510,505,502,510,506,464,510,471,505,516,504,513,502,513,559,459,513,524,510,502,501,493,514,472,125,502,503,505,465,514,502,508,508,459,504,503,515,503,509,507,512,502,505,504,509,495,499,543,481,517,494,505,529,497,502,508,509,501,509,503,500,506,512,504,510,499,509,510,504,508,504,474,508,486,513,500,504,503,506,508,512,534,484,518,507,503,502,505,509,498,497,514]}
WP 2 {"nodes":[{"id":1,"callFrame":{"functionName":"(root)","scriptId":"0","url":"","lineNumber":-1,"columnNumber":-1},"hitCount":0,"children":[2]},{"id":2,"callFrame":{"functionName":"","scriptId":"117","url":"[worker eval]","lineNumber":50,"columnNumber":39},"hitCount":0,"children":[3]},{"id":3,"callFrame":{"functionName":"boot","scriptId":"117","url":"[worker eval]","lineNumber":1,"columnNumber":13},"hitCount":714,"children":[4,5],"positionTicks":[{"line":13,"ticks":714}]},{"id":4,"callFrame":{"functionName":"post","scriptId":"121","url":"node:inspector","lineNumber":114,"columnNumber":6},"hitCount":0},{"id":5,"callFrame":{"functionName":"js-to-wasm::","scriptId":"113","url":"wasm://wasm/shallot_physics.wasm-00dd932e","lineNumber":0,"columnNumber":7715},"hitCount":0,"children":[6]},{"id":6,"callFrame":{"functionName":"workerMain","scriptId":"113","url":"wasm://wasm/shallot_physics.wasm-00dd932e","lineNumber":0,"columnNumber":520440},"hitCount":0,"children":[7]},{"id":7,"callFrame":{"functionName":"_RNvNtCscZqW6pU5GSG_15shallot_physics5solve7run_job","scriptId":"113","url":"wasm://wasm/shallot_physics.wasm-00dd932e","lineNumber":0,"columnNumber":374825},"hitCount":12,"children":[8,11,13],"positionTicks":[{"line":1,"ticks":12}]},{"id":8,"callFrame":{"functionName":"_RINvNtCscZqW6pU5GSG_15shallot_physics6stages13execute_blockNtNtB4_5solve4WorkEB4_","scriptId":"113","url":"wasm://wasm/shallot_physics.wasm-00dd932e","lineNumber":0,"columnNumber":19414},"hitCount":10,"children":[9,10,12],"positionTicks":[{"line":1,"ticks":10}]},{"id":9,"callFrame":{"functionName":"_RNvNtCscZqW6pU5GSG_15shallot_physics5joint10warm_start","scriptId":"113","url":"wasm://wasm/shallot_physics.wasm-00dd932e","lineNumber":0,"columnNumber":121414},"hitCount":5,"positionTicks":[{"line":1,"ticks":5}]},{"id":10,"callFrame":{"functionName":"_RNvNtCscZqW6pU5GSG_15shallot_physics5joint5solve","scriptId":"113","url":"wasm://wasm/shallot_physics.wasm-00dd932e","lineNumber":0,"columnNumber":67969},"hitCount":71,"positionTicks":[{"line":1,"ticks":71}]},{"id":12,"callFrame":{"functionName":"_RNvNtCscZqW6pU5GSG_15shallot_physics5joint13prepare_world","scriptId":"113","url":"wasm://wasm/shallot_physics.wasm-00dd932e","lineNumber":0,"columnNumber":47561},"hitCount":7,"positionTicks":[{"line":1,"ticks":7}]},{"id":11,"callFrame":{"functionName":"_RINvNtCscZqW6pU5GSG_15shallot_physics4tree5queryNCNvNtB4_8pairwork9run_query0EB4_","scriptId":"113","url":"wasm://wasm/shallot_physics.wasm-00dd932e","lineNumber":0,"columnNumber":14974},"hitCount":7,"positionTicks":[{"line":1,"ticks":7}]},{"id":13,"callFrame":{"functionName":"_RNvNtNtCscZqW6pU5GSG_15shallot_physics6events7runtime10write_move","scriptId":"113","url":"wasm://wasm/shallot_physics.wasm-00dd932e","lineNumber":0,"columnNumber":417528},"hitCount":1,"positionTicks":[{"line":1,"ticks":1}]}],"startTime":123166151476,"endTime":123166577397,"samples":[4,9,10,7,8,10,3,3,3,3,3,3,3,3,3,3,3,3,3,3,3,3,3,3,3,3,3,3,3,3,3,3,3,3,3,3,3,3,3,3,3,3,3,11,12,10,10,10,8,7,3,3,3,3,3,3,3,3,3,3,3,3,3,3,3,3,3,3,3,3,3,3,3,3,3,3,3,3,3,3,3,3,3,3,11,9,8,10,10,7,3,3,3,3,3,3,3,3,3,3,3,3,3,3,3,3,3,3,3,3,3,3,3,3,3,3,3,3,3,3,3,3,3,3,3,3,10,10,10,7,10,3,3,3,3,3,3,3,3,3,3,3,3,3,3,3,3,3,3,3,3,3,3,3,3,3,3,3,3,3,3,3,3,3,3,3,3,10,10,10,10,3,3,3,3,3,3,3,3,3,3,3,3,3,3,3,3,3,3,3,3,3,3,3,3,3,3,3,3,3,3,3,3,3,3,3,3,3,10,10,9,10,7,3,3,3,3,3,3,3,3,3,3,3,3,3,3,3,3,3,3,3,3,3,3,3,3,3,3,3,3,3,3,3,3,3,3,3,8,10,10,10,10,3,3,3,3,3,3,3,3,3,3,3,3,3,3,3,3,3,3,3,3,3,3,3,3,3,3,3,3,3,3,3,3,3,3,3,3,12,10,10,10,10,7,3,3,3,3,3,3,3,3,3,3,3,3,3,3,3,3,3,3,3,3,3,3,3,3,3,3,3,3,3,3,3,3,3,3,12,10,10,10,10,7,3,3,3,3,3,3,3,3,3,3,3,3,3,3,3,3,3,3,3,3,3,3,3,3,3,3,3,3,3,3,3,3,3,3,11,12,10,10,10,10,7,3,3,3,3,3,3,3,3,3,3,3,3,3,3,3,3,3,3,3,3,3,3,3,3,3,3,3,3,3,3,3,3,3,3,3,8,10,10,10,7,3,3,3,3,3,3,3,3,3,3,3,3,3,3,3,3,3,3,3,3,3,3,3,3,3,3,3,3,3,3,3,3,3,3,11,3,10,10,10,8,10,3,3,3,3,3,3,3,3,3,3,3,3,3,3,3,3,3,3,3,3,3,3,3,3,3,3,3,3,3,3,3,3,3,3,3,3,10,10,10,10,8,3,3,3,3,3,3,3,3,3,3,3,3,3,3,3,3,3,3,3,3,3,3,3,3,3,3,3,3,3,3,3,3,3,3,3,3,3,3,3,9,10,10,10,10,3,3,3,3,3,3,3,3,3,3,3,3,3,3,3,3,3,3,3,3,3,3,3,3,3,3,3,3,3,3,3,3,3,3,3,12,10,8,10,10,13,3,3,3,3,3,3,3,3,3,3,3,3,3,3,3,3,3,3,3,3,3,3,3,3,3,3,3,3,3,3,3,3,3,3,11,12,10,10,10,10,7,3,3,3,3,3,3,3,3,3,3,3,3,3,3,3,3,3,3,3,3,3,3,3,3,3,3,3,3,3,3,3,3,3,3,3,12,10,10,10,10,7,3,3,3,3,3,3,3,3,3,3,3,3,3,3,3,3,3,3,3,3,3,3,3,3,3,3,3,3,3,3,3,3,3,3,3,3,10,8,10,8,10,3,3,3,3,3,3,3,3,3,3,3,3,3,3,3,3,3,3,3,3,3,3,3,3,3,3,3,3,3,3,3,3,3,3,11,3,10,10,10,10,7,3,3,3,3,3,3,3,3,3,3,3,3,3,3,3,3,3,3,3,3,3,3,3,3,3,3,3,3,3,3,3,3,3,3,11,10,9,10,10,10,3,3,3,3,3,3,3,3,3,3,3,3,3,3,3,3,3,3,3,3,3,3,3,3,3,3,3,3,3,3,3,3,3,3,3,3,3,3,3,3,3],"timeDeltas":[9116,425,504,515,455,498,511,503,501,515,513,508,503,515,428,498,504,513,498,509,510,440,512,504,506,516,496,522,492,509,489,510,514,508,492,501,529,503,490,509,502,512,501,503,508,469,508,509,506,513,516,508,507,509,500,511,512,455,498,513,501,514,501,513,507,507,504,506,504,510,501,503,505,510,515,429,505,515,522,516,494,496,514,519,507,481,531,496,501,518,522,516,487,506,505,515,507,504,496,493,519,510,502,506,473,509,512,514,516,499,506,502,511,503,529,513,487,510,500,519,500,518,527,511,494,515,503,485,509,527,471,530,502,504,503,506,509,518,512,509,450,505,510,517,509,510,453,507,504,513,515,496,523,508,508,518,521,489,509,502,516,495,513,508,483,519,500,500,521,500,504,503,511,502,511,501,489,488,501,509,501,520,503,495,510,490,502,515,505,509,502,502,516,501,507,504,511,516,510,508,499,509,494,513,475,511,515,511,503,505,501,516,498,532,494,506,514,499,512,509,515,500,501,524,481,501,507,509,511,511,504,519,511,503,502,515,505,500,526,489,523,512,436,510,508,501,504,502,512,510,485,498,509,504,508,508,509,516,508,509,510,482,511,513,501,510,515,510,487,514,503,506,504,507,500,505,508,505,504,529,507,508,510,504,508,498,512,509,484,506,503,531,499,467,508,505,515,510,503,512,518,499,518,506,471,521,508,501,524,511,503,516,497,537,490,519,501,510,510,501,510,505,508,500,497,504,503,507,515,503,515,462,520,497,505,525,511,513,447,507,510,463,507,504,511,500,506,527,504,518,501,512,504,522,514,506,504,508,514,501,488,510,510,502,507,520,524,502,508,499,504,496,498,525,571,446,509,511,504,504,511,506,507,503,504,517,502,513,494,510,500,500,510,510,514,511,506,517,526,509,511,504,504,504,481,523,495,511,514,512,513,505,486,511,501,499,513,489,490,507,506,507,501,510,495,485,519,508,505,499,496,503,509,497,499,506,510,505,505,508,525,508,485,516,499,504,506,500,508,504,504,483,500,505,496,511,504,516,497,513,492,508,511,492,515,502,508,497,519,506,498,512,493,511,503,508,476,506,498,496,520,486,501,501,504,503,532,489,507,505,512,504,508,540,477,537,432,482,580,473,513,550,459,501,462,509,504,514,507,493,538,508,524,502,522,450,503,506,507,508,511,505,520,520,508,510,477,499,523,511,471,506,501,510,512,505,508,506,420,520,492,551,459,506,509,506,501,510,514,501,519,503,508,499,504,503,511,503,509,506,503,482,504,516,506,512,498,508,510,498,519,509,496,514,506,507,507,498,498,492,485,521,501,500,505,496,509,512,496,516,508,508,509,503,473,497,516,511,500,513,488,506,503,499,476,508,504,508,506,482,508,506,509,508,510,508,513,521,519,482,505,501,514,493,506,512,500,504,523,484,525,506,505,509,504,529,507,500,509,501,501,506,501,499,508,505,499,501,503,511,508,505,505,508,514,504,506,506,505,507,461,437,508,505,515,500,514,500,505,502,520,498,507,456,143,507,434,506,511,469,519,507,508,520,508,517,510,509,499,504,509,526,507,504,507,530,507,510,499,501,517,502,486,521,471,535,504,505,510,505,506,510,475,525,506,496,504,504,512,507,511,495,513,504,508,509,501,506,506,502,525,489,515,521,502,502,510,506,518,497,436,508,502,502,515,514,506,519,504,480,582,464,487,523,505,504,524,504,502,504,477,505,511,504,509,502,502,512,507,504,510,501,516,506,506,518,499,502,506,512,502,500,535,507,484,504,503,519,497,505,502,502,506,509,507,156,357,504,516,504,501,501,510,513,464,510,508,502,496,502,510,501,510,503,517,520,514,503,515,516,503,512,493,476,512,503,511,497]}
